   6.7980334017547239     
   0.0000000000000000        0.0000000000000000        0.0000000000000000     
   1.8223340005666195        2.6214529246676226       -1.4730125552243312     
  -1.3712917036207990       0.87192190405561987       -5.8867760737250314E-002
   2.1056225382568479        3.3824379553176382        1.7304900848509552     
  -2.3782181687510016       -3.2555598543918665       -2.4790467647708203     
 -0.98944228521399935        3.2730017297690939       -1.3175466418385879     
 walker           1 done
   6.7980334017547239     
   0.0000000000000000        0.0000000000000000        0.0000000000000000     
  0.46707520235700489      -0.35609406599840582       -1.4967683265295477     
 -0.95390504517386610       -1.9685777202222507        2.0392646761340694     
 kldf and omega are   100000000000000.00        8260000000.0000000       0.63416329999999999       0.13258239999999999        7.0215000000000000E-003   6.9388999999999996E-003
  0.44460828276303893       -2.5587237988494183      -0.91491619782724432     
   1.6874897134245848        1.0662812450874617      -0.30256614174140128     
   3.0830859744569734       -1.4755162374985733       -1.6257369026147481     
 D0uu is   0.0000000000000000        2.2523228621396099        10.000000000000000        2.5737495253829801        9.9730373228923792        9.9299008769385697        2.2523228621396099        0.0000000000000000        10.000000000000000        10.000000000000000        2.5684078266772001        10.000000000000000        10.000000000000000        10.000000000000000        0.0000000000000000        10.000000000000000        10.000000000000000        3.0122796827928400        2.5737495253829801        10.000000000000000        10.000000000000000        0.0000000000000000        2.1736567623415000        10.000000000000000        9.9730373228923792        2.5684078266772001        10.000000000000000        2.1736567623415000        0.0000000000000000        10.000000000000000        9.9299008769385697        10.000000000000000        3.0122796827928400        10.000000000000000        10.000000000000000        0.0000000000000000     
 Shear is   0.0000000000000000     
 actparams is   0.0000000000000000        0.0000000000000000        0.0000000000000000        0.0000000000000000        0.0000000000000000        0.0000000000000000     
 graderr and graderrsh and graderract are   0.0000000000000000        0.0000000000000000        0.0000000000000000     
 Time taken is   54.277155999999998     
 walker           1 done
 kldf and omega are   100000000000000.00        3090000000.0000000       0.63495330000000005       0.12966259999999999        6.8890000000000002E-003   6.8580999999999998E-003
 D0uu is   0.0000000000000000        2.2523228621396099        10.000000000000000        2.5737495253829801        9.9730373228923792        9.9299008769385697        2.2523228621396099        0.0000000000000000        10.000000000000000        10.000000000000000        2.5684078266772001        10.000000000000000        10.000000000000000        10.000000000000000        0.0000000000000000        10.000000000000000        10.000000000000000        3.0122796827928400        2.5737495253829801        10.000000000000000        10.000000000000000        0.0000000000000000        2.1736567623415000        10.000000000000000        9.9730373228923792        2.5684078266772001        10.000000000000000        2.1736567623415000        0.0000000000000000        10.000000000000000        9.9299008769385697        10.000000000000000        3.0122796827928400        10.000000000000000        10.000000000000000        0.0000000000000000     
 Shear is   5.0000000000000000     
 actparams is   0.0000000000000000        0.0000000000000000        0.0000000000000000        0.0000000000000000        0.0000000000000000        0.0000000000000000     
 graderr and graderrsh and graderract are   0.0000000000000000        0.0000000000000000        0.0000000000000000     
 Time taken is   91.741923999999983     
   6.7980334017547239     
   0.0000000000000000        0.0000000000000000        0.0000000000000000     
  -3.0021465261483438      -0.38291385261022010        3.3378337532433742     
  -3.3533651083885965E-002  -1.3593638758819493       -1.5878541292670234     
  0.13131262902301236        2.3954343440479824       -1.1340331797642147     
  -1.4449329149261481        1.1873928861619951       -2.4836156130800568     
   1.7052205221421006       0.50685853003439774       -2.9237990004540952     
 walker           1 done
 kldf and omega are   100000000000000.00        35330000000.000000       0.59903350000000000       0.14386620000000000        7.4837999999999997E-003   7.1304999999999997E-003
   6.7980334017547239     
   0.0000000000000000        0.0000000000000000        0.0000000000000000     
  -2.6284775103364284        1.9766339724434283       -9.8266552847259714E-002
  0.94010279481511627       0.57996211726785374        1.0182908642867525     
  0.83243689653555264        1.2706032153126257        2.8285591622170445     
  -3.2507872628205976       -2.6513052185783268        2.7994350469494278     
  -3.1770111917270323       -1.4012070271344930       0.40008500527869467     
 D0uu is   0.0000000000000000        2.2523228621396099        10.000000000000000        2.5737495253829801        9.9730373228923792        9.9299008769385697        2.2523228621396099        0.0000000000000000        10.000000000000000        10.000000000000000        2.5684078266772001        10.000000000000000        10.000000000000000        10.000000000000000        0.0000000000000000        10.000000000000000        10.000000000000000        3.0122796827928400        2.5737495253829801        10.000000000000000        10.000000000000000        0.0000000000000000        2.1736567623415000        10.000000000000000        9.9730373228923792        2.5684078266772001        10.000000000000000        2.1736567623415000        0.0000000000000000        10.000000000000000        9.9299008769385697        10.000000000000000        3.0122796827928400        10.000000000000000        10.000000000000000        0.0000000000000000     
 Shear is   10.000000000000000     
 actparams is   0.0000000000000000        0.0000000000000000        0.0000000000000000        0.0000000000000000        0.0000000000000000        0.0000000000000000     
 graderr and graderrsh and graderract are   0.0000000000000000        0.0000000000000000        0.0000000000000000     
 Time taken is   145.45962500000002     
 walker           1 done
 kldf and omega are   100000000000000.00        65710000000.000000       0.55480735000000003       0.17126095000000000        9.3311999999999996E-003   8.6741000000000006E-003
 D0uu is   0.0000000000000000        2.2523228621396099        10.000000000000000        2.5737495253829801        9.9730373228923792        9.9299008769385697        2.2523228621396099        0.0000000000000000        10.000000000000000        10.000000000000000        2.5684078266772001        10.000000000000000        10.000000000000000        10.000000000000000        0.0000000000000000        10.000000000000000        10.000000000000000        3.0122796827928400        2.5737495253829801        10.000000000000000        10.000000000000000        0.0000000000000000        2.1736567623415000        10.000000000000000        9.9730373228923792        2.5684078266772001        10.000000000000000        2.1736567623415000        0.0000000000000000        10.000000000000000        9.9299008769385697        10.000000000000000        3.0122796827928400        10.000000000000000        10.000000000000000        0.0000000000000000     
 Shear is   15.000000000000000     
 actparams is   0.0000000000000000        0.0000000000000000        0.0000000000000000        0.0000000000000000        0.0000000000000000        0.0000000000000000     
 graderr and graderrsh and graderract are   0.0000000000000000        0.0000000000000000        0.0000000000000000     
 Time taken is   146.53212800000000     
   6.7980334017547239     
   0.0000000000000000        0.0000000000000000        0.0000000000000000     
 -0.43967755495273436        2.8949186121919919       -2.6644808265747186     
   2.3259568259444321       -1.9965094660356715       -3.0430598628965999     
   3.3282116361918486       -1.8695983253342050       -1.2084491617684792     
 -0.57515563355837573       -2.2629805657170885        1.7347578820240488     
   2.5771964522249391        2.0793351086766050       -2.4960805112502356     
 walker           1 done
   6.7980334017547239     
   0.0000000000000000        0.0000000000000000        0.0000000000000000     
   2.1392336044547262      -0.85206951692405597       0.73146191308424180     
  -1.1327280529232995      -0.71111987222253825        1.3958596695651471     
   1.7702605974645165        1.7133234772175343        3.1907988314085456     
  -3.1088129671029945        2.8500707255242972       -1.8157576249907812     
  0.55185909112430886        1.1325861345683501       -1.2699090760422003     
 kldf and omega are   100000000000000.00        221105000000.00000       0.53026744999999997       0.17707570000000000        1.2702400000000001E-002   1.0491350000000000E-002
 D0uu is   0.0000000000000000        2.2523228621396099        10.000000000000000        2.5737495253829801        9.9730373228923792        9.9299008769385697        2.2523228621396099        0.0000000000000000        10.000000000000000        10.000000000000000        2.5684078266772001        10.000000000000000        10.000000000000000        10.000000000000000        0.0000000000000000        10.000000000000000        10.000000000000000        3.0122796827928400        2.5737495253829801        10.000000000000000        10.000000000000000        0.0000000000000000        2.1736567623415000        10.000000000000000        9.9730373228923792        2.5684078266772001        10.000000000000000        2.1736567623415000        0.0000000000000000        10.000000000000000        9.9299008769385697        10.000000000000000        3.0122796827928400        10.000000000000000        10.000000000000000        0.0000000000000000     
 Shear is   20.000000000000000     
 actparams is   0.0000000000000000        0.0000000000000000        0.0000000000000000        0.0000000000000000        0.0000000000000000        0.0000000000000000     
 graderr and graderrsh and graderract are   0.0000000000000000        0.0000000000000000        0.0000000000000000     
 Time taken is   146.32912800000003     
 walker           1 done
   6.7980334017547239     
 kldf and omega are   100000000000000.00        351760000000.00000       0.47911635000000002       0.18590999999999999        1.6271450000000000E-002   1.2753850000000001E-002
 D0uu is   0.0000000000000000        2.2523228621396099        10.000000000000000        2.5737495253829801        9.9730373228923792        9.9299008769385697        2.2523228621396099        0.0000000000000000        10.000000000000000        10.000000000000000        2.5684078266772001        10.000000000000000        10.000000000000000        10.000000000000000        0.0000000000000000        10.000000000000000        10.000000000000000        3.0122796827928400        2.5737495253829801        10.000000000000000        10.000000000000000        0.0000000000000000        2.1736567623415000        10.000000000000000        9.9730373228923792        2.5684078266772001        10.000000000000000        2.1736567623415000        0.0000000000000000        10.000000000000000        9.9299008769385697        10.000000000000000        3.0122796827928400        10.000000000000000        10.000000000000000        0.0000000000000000     
 Shear is   25.000000000000000     
 actparams is   0.0000000000000000        0   0.0000000000000000        0.0000000000000000        0.0000000000000000     
  -2.6412151216028477       -2.8580013077355990       -1.4019216334022180     
  -1.4012947684080064        1.1797334307361023      -0.71951958422349094     
   2.0889780463596979        1.8257315348562162      -0.25534675666899881     
  -2.2789638973742319      -0.92599845721291441       -1.8870185403927386     
  0.32605851425573046       0.97884758347743683       -2.6240343295271051     
.0000000000000000        0.0000000000000000        0.0000000000000000        0.0000000000000000        0.0000000000000000     
 graderr and graderrsh and graderract are   0.0000000000000000        0.0000000000000000        0.0000000000000000     
 Time taken is   145.78210400000000     
 walker           1 done
   6.7980334017547239     
 kldf and omega are   100000000000000.00        432750000000.00000       0.45092989999999999       0.18973075000000000        2.0322300000000001E-002   1.5994800000000000E-002
 D0uu is   0.0000000000000000        2.2523228621396099        10.000000000000000        2.5737495253829801        9.9730373228923792        9.9299008769385697        2.2523228621396099        0.0000000000000000        10.000000000000000        10.000000000000000        2.5684078266772001        10.000000000000000        10.000000000000000        10.000000000000000        0.0000000000000000        10.000000000000000        10.000000000000000        3.0122796827928400        2.5737495253829801        10.000000000000000        10.000000000000000        0.0000000000000000        2.1736567623415000        10.000000000000000        9.9730373228923792        2.5684078266772001        10.000000000000000        2.1736567623415000        0.0000000000000000        10.000000000000000        9.9299008769385697        10.000000000000000        3.012   0.0000000000000000        0.0000000000000000        0.0000000000000000     
 -0.67403622392335405        2.4597021672773005        1.6369923344614547E-002
 -0.44174814559079079       -2.3549763909166317       0.91545159563782585     
 -0.94322431969013609       -3.0249153219112035        1.8982162767467361     
  -2.2165115575403909      -0.36608899877942847      -0.85415580872180152     
 -0.51332665949863643       -3.3447061195256409       0.21579108995471016     
2796827928400        10.000000000000000        10.000000000000000        0.0000000000000000     
 Shear is   30.000000000000000     
 actparams is   0.0000000000000000        0.0000000000000000        0.0000000000000000        0.0000000000000000        0.0000000000000000        0.0000000000000000     
 graderr and graderrsh and graderract are   0.0000000000000000        0.0000000000000000        0.0000000000000000     
 Time taken is   145.82952599999999     
 walker           1 done
 kldf and omega are   100000000000000.00        613665000000.00000       0.41461005000000001       0.18388869999999999        2.4308750000000000E-002   1.8172100000000000E-002
   6.7980334017547239     
   0.0000000000000000        0.0000000000000000        0.0000000000000000     
  0.67078753913365663        1.2932401862456766        2.8633460455244073     
  0.56024550591539335       0.75402719850702826      -0.46140008600959298     
  0.44395562348685330      -0.18968051676578562        3.1890944138807504     
  -3.1984383135200085        1.1738579125381110        1.4865323267200912     
   1.9772028073482257       0.27931293133750701       -1.7777981511864513     
 D0uu is   0.0000000000000000        2.2523228621396099        10.000000000000000        2.5737495253829801        9.9730373228923792        9.9299008769385697        2.2523228621396099        0.0000000000000000        10.000000000000000        10.000000000000000        2.5684078266772001        10.000000000000000        10.000000000000000        10.000000000000000        0.0000000000000000        10.000000000000000        10.000000000000000        3.0122796827928400        2.5737495253829801        10.000000000000000        10.000000000000000        0.0000000000000000        2.1736567623415000        10.000000000000000        9.9730373228923792        2.5684078266772001        10.000000000000000        2.1736567623415000        0.0000000000000000        10.000000000000000        9.9299008769385697        10.000000000000000        3.0122796827928400        10.000000000000000        10.000000000000000        0.0000000000000000     
 Shear is   35.000000000000000     
 actparams is   0.0000000000000000        0.0000000000000000        0.0000000000000000        0.0000000000000000        0.0000000000000000        0.0000000000000000     
 graderr and graderrsh and graderract are   0.0000000000000000        0.0000000000000000        0.0000000000000000     
 Time taken is   145.64441399999998     
 walker           1 done
 kldf and omega are   100000000000000.00        867730000000.00000       0.36143504999999998       0.16771975000000000        2.6542099999999999E-002   1.7864800000000000E-002
 D0uu is   0.0000000000000000        2.2523228621396099        10.000000000000000        2.5737495253829801        9.9730373228923792        9.9299008769385697        2.2523228621396099        0.0000000000000000        10.000000000000000        10.000000000000000        2.5684078266772001        10.000000000000000        10.000000000000000        10.000000000000000        0.0000000000000000        10.000000000000000        10.000000000000000        3.0122796827928400        2.5737495253829801        10.000000000000000        10.000000000000000        0.0000000000000000        2.1736567623415000        10.000000000000000        9.9730373228923792        2.5684078266772001        10.000000000000000        2.1736567623415000        0.0000000000000000        10.000000000000000        9.9299008769385697        10.000000000000000        3.0122796827928400        10.000000000000000        10.000000000000000        0.0000000000000000     
 Shear is   40.000000000000000     
 actparams is   0.0000000000000000        0.0000000000000000        0.0000000000000000        0.0000000000000000        0.0000000000000000        0.0000000000000000     
 graderr and graderrsh and graderract are   0.0000000000000000        0.0000000000000000        0.0000000000000000     
 Time taken is   145.41939400000001     
   6.7980334017547239     
   0.0000000000000000        0.0000000000000000        0.0000000000000000     
   2.1663917345156976        3.1249725549441632      -0.54832663961842520     
 -0.67596702114490215       0.87533708181163972       -3.0514013695596733     
 -0.74242329685464048        2.8402276958177666       0.99177165466284078     
  0.22461139896649746        1.4019980701274917       0.52416765897599804     
  -1.0971670230561128      -0.48490633455014159       -3.2142633629802591     
 walker           1 done
 kldf and omega are   100000000000000.00        973380000000.00000       0.31511380000000000       0.15117700000000001        2.7865649999999999E-002   1.8131850000000001E-002
 D0uu is   0.0000000000000000        2.2523228621396099        10.000000000000000        2.5737495253829801        9.9730373228923792        9.9299008769385697        2.2523228621396099        0.0000000000000000        10.000000000000000        10.000000000000000        2.5684078266772001        10.000000000000000        10.000000000000000        10.000000000000000        0.0000000000000000        10.000000000000000        10.000000000000000        3.0122796827928400        2.5737495253829801        10.000000000000000        10.000000000000000        0.0000000000000000        2.1736567623415000        10.000000000000000        9.9730373228923792        2.5684078266772001        10.000000000000000        2.1736567623415000        0.0000000000000000        10.000000000000000        9.9299008769385697        10.000000000000000        3.0122796827928400        10.000000000000000        10.000000000000000        0.0000000000000000     
 Shear is   45.000000000000000     
 actparams is   0.0000000000000000        0.0000000000000000        0.0000000000000000        0.0000000000000000        0.0000000000000000        0.0000000000000000     
 graderr and graderrsh and graderract are   0.0000000000000000        0.0000000000000000        0.0000000000000000     
 Time taken is   144.03732000000014     
   6.7980334017547239     
   0.0000000000000000        0.0000000000000000        0.0000000000000000     
  -1.0513741892737902       -2.1507914607967180       -3.3454262127674639     
   1.7758189690582020       -1.9865263697755842        1.0793137704151736     
   2.3763681251129869       -3.0402056278424530       -1.9687661939210399     
  -2.0637212041720501       0.38281945253788435        2.6177833522714473     
  0.34498787993529845        2.0172774437332608       -2.0574203201047223     
 walker           1 done
   6.7980334017547239     
   0.0000000000000000        0.0000000000000000        0.0000000000000000     
 kldf and omega are   100000000000000.00        1031340000000.0000       0.25357615000000000       0.12568250000000000        2.6560600000000000E-002   1.6247200000000000E-002
   1.1685029942204217       -1.6001817006847245       -2.4438252463092720     
  -3.1461273580440561        2.7403907705776880        2.0249247128652361     
   1.8242830724530039       0.27625011244726810       -3.1462439301453884     
  -1.4568530347129196       0.45716888741273892      -0.81562711418357503     
  -1.7613201842295054       -1.0648570871443499      -0.10566748845132237     
 D0uu is   0.0000000000000000        2.2523228621396099        10.000000000000000        2.5737495253829801        9.9730373228923792        9.9299008769385697        2.2523228621396099        0.0000000000000000        10.000000000000000        10.000000000000000        2.5684078266772001        10.000000000000000        10.000000000000000        10.000000000000000        0.0000000000000000        10.000000000000000        10.000000000000000        3.0122796827928400        2.5737495253829801        10.000000000000000        10.000000000000000        0.0000000000000000        2.1736567623415000        10.000000000000000        9.9730373228923792        2.5684078266772001        10.000000000000000        2.1736567623415000        0.0000000000000000        10.000000000000000        9.9299008769385697        10.000000000000000        3.0122796827928400        10.000000000000000        10.000000000000000        0.0000000000000000     
 Shear is   50.000000000000000     
 actparams is   0.0000000000000000        0.0000000000000000        0.0000000000000000        0.0000000000000000        0.0000000000000000        0.0000000000000000     
 graderr and graderrsh and graderract are   0.0000000000000000        0.0000000000000000        0.0000000000000000     
 Time taken is   144.62550700000020     
 walker           1 done
 kldf and omega are   100000000000000.00        963625000000.00000       0.20689745000000001        9.8665450000000002E-002   2.3326000000000000E-002   1.3689750000000001E-002
   6.7980334017547239     
   0.0000000000000000        0.0000000000000000        0.0000000000000000     
   2.5633408952024350       0.74901968676001462       0.65145539704331701     
  -3.3655103868072120        1.0402212861849116        2.5795002888441525     
   1.8719373040551102       -2.4601775663977770        1.3941904487019192     
  -1.4575367638726888       -1.9636549143239042        3.2889377295159878     
   1.0704962402924578        1.9743419683472583       0.61146172256676889     
 D0uu is   0.0000000000000000        2.2523228621396099        10.000000000000000        2.5737495253829801        9.9730373228923792        9.9299008769385697        2.2523228621396099        0.0000000000000000        10.000000000000000        10.000000000000000        2.5684078266772001        10.000000000000000        10.000000000000000        10.000000000000000        0.0000000000000000        10.000000000000000        10.000000000000000        3.0122796827928400        2.5737495253829801        10.000000000000000        10.000000000000000        0.0000000000000000        2.1736567623415000        10.000000000000000        9.9730373228923792        2.5684078266772001        10.000000000000000        2.1736567623415000        0.0000000000000000        10.000000000000000        9.9299008769385697        10.000000000000000        3.0122796827928400        10.000000000000000        10.000000000000000        0.0000000000000000     
 Shear is   55.000000000000000     
 actparams is   0.0000000000000000        0.0000000000000000        0.0000000000000000        0.0000000000000000        0.0000000000000000        0.0000000000000000     
 graderr and graderrsh and graderract are   0.0000000000000000        0.0000000000000000        0.0000000000000000     
 Time taken is   142.52920099999983     
 walker           1 done
 kldf and omega are   100000000000000.00        856355000000.00000       0.16518920000000001        7.3041650000000000E-002   1.8668899999999999E-002   1.0105350000000001E-002
 D0uu is   0.0000000000000000        2.2523228621396099        10.000000000000000        2.5737495253829801        9.9730373228923792        9.9299008769385697        2.2523228621396099        0.0000000000000000        10.000000000000000        10.000000000000000        2.5684078266772001        10.000000000000000        10.000000000000000        10.000000000000000        0.0000000000000000        10.000000000000000        10.000000000000000        3.0122796827928400        2.5737495253829801        10.000000000000000        10.000000000000000        0.0000000000000000        2.1736567623415000        10.000000000000000        9.9730373228923792        2.5684078266772001        10.000000000000000        2.1736567623415000        0.0000000000000000        10.000000000000000        9.9299008769385697        10.000000000000000        3.0122796827928400        10.000000000000000        10.000000000000000        0.0000000000000000     
 Shear is   60.000000000000000     
 actparams is   0.0000000000000000        0.0000000000000000        0.0000000000000000        0.0000000000000000        0.0000000000000000        0.0000000000000000     
 graderr and graderrsh and graderract are   0.0000000000000000        0.0000000000000000        0.0000000000000000     
 Time taken is   140.57349799999997     
   6.7980334017547239     
   0.0000000000000000        0.0000000000000000        0.0000000000000000     
   2.5079604012069896      -0.79290542258516128        2.3023263907888292     
 -0.69594872402455144       -3.1906553288978801        2.9695615393870494     
  -1.2609033304374864       0.64177436039197544       -2.5454853524658243     
   2.7594228557572391       -2.8871555329108669       0.95988022298452780     
 -0.55151588797256579       -1.9530076107119654       -2.8988031056655013     
 walker           1 done
 kldf and omega are   100000000000000.00        666480000000.00000       0.12314115000000000        5.0523850000000002E-002   1.4001300000000000E-002   7.3365000000000001E-003
   6.7980334017547239     
   0.0000000000000000        0.0000000000000000        0.0000000000000000     
  -1.0904905647408329        2.8687032834628439        2.6883775827783425     
  0.89379792026842875        2.3268090716263639       -2.2243897017863179     
  -1.6161212762167090       -2.8506030633359396       0.80138464851342761     
   2.0449303458842580       0.52676116110903171       0.27864376591751600     
 D0uu is   0.0000000000000000        2.2523228621396099        10.000000000000000        2.5737495253829801        9.9730373228923792        9.9299008769385697        2.2523228621396099        0.0000000000000000        10.000000000000000        10.000000000000000        2.5684078266772001        10.000000000000000        10.000000000000000        10.000000000000000        0.0000000000000000        10.000000000000000        10.000000000000000        3.0122796827928400        2.5737495253829801        10.000000000000000        10.000000000000000        0.0000000000000000        2.1736567623415000        10.000000000000000        9.9730373228923792        2.5684078266772001        10.000000000000000        2.1736567623415000        0.0000000000000000        10.000000000000000        9.9299008769385697        10.000000000000000        3.0122796827928400        10.000000000000000        10.000000000000000        0.0000000000000000     
 Shear is   65.000000000000000     
   2.5290215564455378       -1.0268785089284760       -2.5741748451749134     
 actparams is   0.0000000000000000        0.0000000000000000        0.0000000000000000        0.0000000000000000        0.0000000000000000        0.0000000000000000     
 graderr and graderrsh and graderract are   0.0000000000000000        0.0000000000000000        0.0000000000000000     
 Time taken is   144.70977599999992     
 walker           1 done
 kldf and omega are   100000000000000.00        518560000000.00000        9.7792500000000004E-002   3.8760299999999998E-002   1.1119499999999999E-002   5.9338999999999998E-003
 D0uu is   0.0000000000000000        2.2523228621396099        10.000000000000000        2.5737495253829801        9.9730373228923792        9.9299008769385697        2.2523228621396099        0.0000000000000000        10.000000000000000        10.000000000000000        2.5684078266772001        10.000000000000000        10.000000000000000        10.000000000000000        0.0000000000000000        10.000000000000000        10.000000000000000        3.0122796827928400        2.5737495253829801        10.000000000000000        10.000000000000000        0.0000000000000000        2.1736567623415000        10.000000000000000        9.9730373228923792        2.5684078266772001        10.000000000000000        2.1736567623415000        0.0000000000000000        10.000000000000000        9.9299008769385697        10.000000000000000        3.0122796827928400        10.000000000000000        10.000000000000000        0.0000000000000000     
 Shear is   70.000000000000000     
 actparams is   0.0000000000000000        0.0000000000000000        0.0000000000000000        0.0000000000000000        0.0000000000000000        0.0000000000000000     
 graderr and graderrsh and graderract are   0.0000000000000000        0.0000000000000000        0.0000000000000000     
 Time taken is   137.23251800000003     
