   6.7980334017547239     
   0.0000000000000000        0.0000000000000000        0.0000000000000000     
   1.8223248836933847        2.6214438077943831      -0.27804574604390869     
  -2.5662676296744560       0.94664379712234370      -0.13358723209974252     
   2.2149968050985636        1.7141823972615752E-002   2.1795867989351785     
   2.4644725220143036        2.9717424506782488        2.7727796569870589     
  -1.5811526236378524        3.0824612303920138       0.71594857148942503     
 walker           1 done
   6.7980334017547239     
   0.0000000000000000        0.0000000000000000        0.0000000000000000     
  -1.2478426378669975E-002   3.2146319584689826       0.10672176070140987     
 kldf and omega are   100000000000000.00       -5240000000.0000000       0.63728300000000004       0.11352115000000000        6.5150499999999997E-003   6.5674499999999999E-003
   2.2482764218838849       -1.4736957479703454       -2.4292228134410618     
  -2.4278123414346355        1.7313977407329113       -3.2652499063331915     
  0.71483088415146645        1.6616349017524117        1.6570308569376078     
  -2.1461277397524303       0.72651807235411003       -2.7175296374541280     
 D0uu is   0.0000000000000000        2.2523228621396099        10.000000000000000        2.5737495253829801        9.9730373228923792        9.9299008769385697        2.2523228621396099        0.0000000000000000        10.000000000000000        10.000000000000000        2.5684078266772001        10.000000000000000        10.000000000000000        10.000000000000000        0.0000000000000000        10.000000000000000        10.000000000000000        3.0122796827928400        2.5737495253829801        10.000000000000000        10.000000000000000        0.0000000000000000        2.1736567623415000        10.000000000000000        9.9730373228923792        2.5684078266772001        10.000000000000000        2.1736567623415000        0.0000000000000000        10.000000000000000        9.9299008769385697        10.000000000000000        3.0122796827928400        10.000000000000000        10.000000000000000        0.0000000000000000     
 Shear is   0.0000000000000000     
 actparams is   0.0000000000000000        0.0000000000000000        0.0000000000000000        0.0000000000000000        0.0000000000000000        0.0000000000000000     
 graderr and graderrsh and graderract are   0.0000000000000000        0.0000000000000000        0.0000000000000000     
 Time taken is   80.028613000000007     
 walker           1 done
 kldf and omega are   100000000000000.00       -2340000000.0000000       0.62503050000000004       0.12551765000000001        6.5075000000000003E-003   6.5309000000000001E-003
 D0uu is   0.0000000000000000        2.2523228621396099        10.000000000000000        2.5737495253829801        9.9730373228923792        9.9299008769385697        2.2523228621396099        0.0000000000000000        10.000000000000000        10.000000000000000        2.5684078266772001        10.000000000000000        10.000000000000000        10.000000000000000        0.0000000000000000        10.000000000000000        10.000000000000000        3.0122796827928400        2.5737495253829801        10.000000000000000        10.000000000000000        0.0000000000000000        2.1736567623415000        10.000000000000000        9.9730373228923792        2.5684078266772001        10.000000000000000        2.1736567623415000        0.0000000000000000        10.000000000000000        9.9299008769385697        10.000000000000000        3.0122796827928400        10.000000000000000        10.000000000000000        0.0000000000000000     
 Shear is   5.0000000000000000     
 actparams is   0.0000000000000000        0.0000000000000000        0.0000000000000000        0.0000000000000000        0.0000000000000000        0.0000000000000000     
 graderr and graderrsh and graderract are   0.0000000000000000        0.0000000000000000        0.0000000000000000     
 Time taken is   142.16383900000000     
   6.7980334017547239     
   0.0000000000000000        0.0000000000000000        0.0000000000000000     
  -1.1526215651599030        3.2476137579279452       -3.0468469152056921     
  -2.3396347625511722      -0.97246926844009696       0.81819850325755628     
  -1.5362457030391465        5.9786524783414285E-002  0.83723271601829252     
 -0.10102784495651380       -2.3094557978229853        1.1885041797884330     
   2.0193914168321410       -2.4688261055215648        1.2654160557180718     
 walker           1 done
   6.7980334017547239     
   0.0000000000000000        0.0000000000000000        0.0000000000000000     
  -1.6494242092685991       -2.4922529390027734       -2.5652504400401339     
   1.4145965941494443       0.20772552041382047        1.0654604049407848     
   1.1237358104955852       0.32762458100743930        2.7184739737707670     
  -1.2938774613204826       -1.3381397891758673       -1.8372443810188410     
  -1.4228288096326647       0.22126514271465308      -0.28321542283410417     
 kldf and omega are   100000000000000.00        20420000000.000000       0.59776249999999997       0.15416959999999999        7.3267499999999999E-003   7.1225500000000001E-003
 D0uu is   0.0000000000000000        2.2523228621396099        10.000000000000000        2.5737495253829801        9.9730373228923792        9.9299008769385697        2.2523228621396099        0.0000000000000000        10.000000000000000        10.000000000000000        2.5684078266772001        10.000000000000000        10.000000000000000        10.000000000000000        0.0000000000000000        10.000000000000000        10.000000000000000        3.0122796827928400        2.5737495253829801        10.000000000000000        10.000000000000000        0.0000000000000000        2.1736567623415000        10.000000000000000        9.9730373228923792        2.5684078266772001        10.000000000000000        2.1736567623415000        0.0000000000000000        10.000000000000000        9.9299008769385697        10.000000000000000        3.0122796827928400        10.000000000000000        10.000000000000000        0.0000000000000000     
 Shear is   10.000000000000000     
 actparams is   0.0000000000000000        0.0000000000000000        0.0000000000000000        0.0000000000000000        0.0000000000000000        0.0000000000000000     
 graderr and graderrsh and graderract are   0.0000000000000000        0.0000000000000000        0.0000000000000000     
 Time taken is   146.05400200000000     
 walker           1 done
 kldf and omega are   100000000000000.00        63240000000.000000       0.56239910000000004       0.16250185000000000        9.2337500000000006E-003   8.6013500000000007E-003
 D0uu is   0.0000000000000000        2.2523228621396099        10.000000000000000        2.5737495253829801        9.9730373228923792        9.9299008769385697        2.2523228621396099        0.0000000000000000        10.000000000000000        10.000000000000000        2.5684078266772001        10.000000000000000        10.000000000000000        10.000000000000000        0.0000000000000000        10.000000000000000        10.000000000000000        3.0122796827928400        2.5737495253829801        10.000000000000000        10.000000000000000        0.0000000000000000        2.1736567623415000        10.000000000000000        9.9730373228923792        2.5684078266772001        10.000000000000000        2.1736567623415000        0.0000000000000000        10.000000000000000        9.9299008769385697        10.000000000000000        3.0122796827928400        10.000000000000000        10.000000000000000        0.0000000000000000     
 Shear is   15.000000000000000     
 actparams is   0.0000000000000000        0.0000000000000000        0.0000000000000000        0.0000000000000000        0.0000000000000000        0.0000000000000000     
 graderr and graderrsh and graderract are   0.0000000000000000        0.0000000000000000        0.0000000000000000     
 Time taken is   146.33084500000001     
   6.7980334017547239     
   0.0000000000000000        0.0000000000000000        0.0000000000000000     
   1.0207700492871079       -1.1581814958067183      -0.75799924698275845     
   2.3557603818881745        1.0564732091555398        2.4285927622772268     
 -0.28860079449147247        2.5585431831588834        1.1800380234732066     
  -2.1292260905433391      -0.51035155870524163        2.0580449268725460     
  -1.0304833753428588        2.9538176673579577       -1.8989321305778366     
 walker           1 done
 kldf and omega are   100000000000000.00        179785000000.00000       0.53458525000000001       0.17043530000000001        1.1600100000000000E-002   9.8022500000000002E-003
 D0uu is   0.0000000000000000        2.2523228621396099        10.000000000000000        2.5737495253829801        9.9730373228923792        9.9299008769385697        2.2523228621396099        0.0000000000000000        10.000000000000000        10.000000000000000        2.5684078266772001        10.000000000000000        10.000000000000000        10.000000000000000        0.0000000000000000        10.000000000000000        10.000000000000000        3.0122796827928400        2.5737495253829801        10.000000000000000        10.000000000000000        0.0000000000000000        2.1736567623415000        10.000000000000000        9.9730373228923792        2.5684078266772001        10.000000000000000        2.1736567623415000        0.0000000000000000        10.000000000000000        9.9299008769385697        10.000000000000000        3.0122796827928400        10.000000000000000        10.000000000000000        0.0000000000000000     
 Shear is   20.000000000000000     
 actparams is   0.0000000000000000        0.0000000000000000        0.0000000000000000        0.0000000000000000        0.0000000000000000        0.0000000000000000     
 graderr and graderrsh and graderract are   0.0000000000000000        0.0000000000000000        0.0000000000000000     
 Time taken is   146.10255600000005     
   6.7980334017547239     
   0.0000000000000000        0.0000000000000000        0.0000000000000000     
  -2.6935120387569720       -3.3799571362890894       -7.4982813924299729E-002
  -1.1663229728667313       -1.8570757506092892      -0.32015596373052929     
   1.3382947298264110        1.9051530864441826       -3.0006703215235091     
  -3.0529317731738295       -3.1435959595216700        2.7514342607839448     
   2.7325717386683954        1.3504266015960367       0.89761762993263583     
 walker           1 done
 kldf and omega are   100000000000000.00        309310000000.00000       0.48720445000000001       0.18823250000000000        1.6468750000000001E-002   1.3375649999999999E-002
 D0uu is   0.0000000000000000        2.2523228621396099        10.000000000000000        2.5737495253829801        9.9730373228923792        9.9299008769385697        2.2523228621396099        0.0000000000000000        10.000000000000000        10.000000000000000        2.5684078266772001        10.000000000000000        10.000000000000000        10.000000000000000        0.0000000000000000        10.000000000000000        10.000000000000000        3.0122796827928400        2.5737495253829801        10.000000000000000        10.000000000000000        0.0000000000000000        2.1736567623415000        10.000000000000000        9.9730373228923792        2.5684078266772001        10.000000000000000        2.1736567623415000        0.0000000000000000        10.000000000000000        9.9299008769385697        10.000000000000000        3.0122796827928400        10.000000000000000        10.000000000000000        0.0000000000000000     
 Shear is   25.000000000000000     
 actparams is   0.0000000000000000        0.0000000000000000        0.0000000000000000        0.0000000000000000        0.0000000000000000        0.0000000000000000     
 graderr and graderrsh and graderract are   0.0000000000000000        0.0000000000000000        0.0000000000000000     
 Time taken is   145.91023399999995     
   6.7980334017547239     
   0.0000000000000000        0.0000000000000000        0.0000000000000000     
   1.1558992981630158        1.3295751168466317      -0.85272469875247991     
   2.5363046139887562        1.6708074212909940      -0.65392573249902686     
  -1.2681967997345907        2.9873427474410268       0.86850115358170477     
   1.2525354827464872        2.1452107196182757       -3.1997866678809666     
  -1.7785459327264377       -2.0627370018457913       -2.9923177221496129     
 walker           1 done
   6.7980334017547239     
   0.0000000000000000        0.0000000000000000        0.0000000000000000     
  0.75533701267534326       -2.0770210027310818        2.4206310044855543     
   3.2468475852246761       0.94848699262060177       -1.0957939421313299     
  -1.9101400006913973        2.0474639985790373       0.46191004785330708     
   1.6516317114595089       -2.5836367426435869        1.8558001842911205     
  -2.1296098512758221E-002  -3.0100088604932611       -2.1364706769389601     
 kldf and omega are   100000000000000.00        467375000000.00000       0.45670454999999999       0.18641160000000001        2.0399649999999998E-002   1.5725900000000001E-002
 D0uu is   0.0000000000000000        2.2523228621396099        10.000000000000000        2.5737495253829801        9.9730373228923792        9.9299008769385697        2.2523228621396099        0.0000000000000000        10.000000000000000        10.000000000000000        2.5684078266772001        10.000000000000000        10.000000000000000        10.000000000000000        0.0000000000000000        10.000000000000000        10.000000000000000        3.0122796827928400        2.5737495253829801        10.000000000000000        10.000000000000000        0.0000000000000000        2.1736567623415000        10.000000000000000        9.9730373228923792        2.5684078266772001        10.000000000000000        2.1736567623415000        0.0000000000000000        10.000000000000000        9.9299008769385697        10.000000000000000        3.0122796827928400        10.000000000000000        10.000000000000000        0.0000000000000000     
 Shear is   30.000000000000000     
 actparams is   0.0000000000000000        0.0000000000000000        0.0000000000000000        0.0000000000000000        0.0000000000000000        0.0000000000000000     
 graderr and graderrsh and graderract are   0.0000000000000000        0.0000000000000000        0.0000000000000000     
 Time taken is   145.56178100000000     
 walker           1 done
 kldf and omega are   100000000000000.00        507905000000.00000       0.41944320000000002       0.17227600000000001        2.2404199999999999E-002   1.7325150000000001E-002
   6.7980334017547239     
   0.0000000000000000        0.0000000000000000        0.0000000000000000     
  -2.9344183535588004       -2.0925700035523715       0.64548258807642178     
  0.77105301550216088      -0.16297304016663031      -0.79938411226727268     
 -0.32730925541922368        2.5587924322122899       -3.0130830046394022     
  -2.7027365228995386       -3.0264509243663893        2.4413229658819731     
   1.3009297153795927        2.1847413819737516       0.69657121976775571     
 D0uu is   0.0000000000000000        2.2523228621396099        10.000000000000000        2.5737495253829801        9.9730373228923792        9.9299008769385697        2.2523228621396099        0.0000000000000000        10.000000000000000        10.000000000000000        2.5684078266772001        10.000000000000000        10.000000000000000        10.000000000000000        0.0000000000000000        10.000000000000000        10.000000000000000        3.0122796827928400        2.5737495253829801        10.000000000000000        10.000000000000000        0.0000000000000000        2.1736567623415000        10.000000000000000        9.9730373228923792        2.5684078266772001        10.000000000000000        2.1736567623415000        0.0000000000000000        10.000000000000000        9.9299008769385697        10.000000000000000        3.0122796827928400        10.000000000000000        10.000000000000000        0.0000000000000000     
 Shear is   35.000000000000000     
 actparams is   0.0000000000000000        0.0000000000000000        0.0000000000000000        0.0000000000000000        0.0000000000000000        0.0000000000000000     
 graderr and graderrsh and graderract are   0.0000000000000000        0.0000000000000000        0.0000000000000000     
 Time taken is   145.44841699999995     
 walker           1 done
   6.7980334017547239     
 kldf and omega are   100000000000000.00        794265000000.00000       0.36154639999999999       0.17010615000000001        2.6790999999999999E-002   1.8848350000000000E-002
 D0uu is   0.0000000000000000        2.2523228621396099        10.000000000000000        2.5737495253829801        9.9730373228923792        9.9299008769385697        2.2523228621396099        0.0000000000000000        10.000000000000000        10.000000000000000        2.5684078266772001        10.000000000000000        10.000000000000000        10.000000000000000        0.0000000000000000        10.000000000000000        10.000000000000000        3.0122796827928400        2.5737495253829801        10.000000000000000        10.000000000000000        0.0000000000000000        2.1736567623415000        10.000000000000000        9.9730373228923792        2.5684078266772001        10.000000000000000        2.1736567623415000        0.0000000000000000        10.000000000000000        9.9299008769385697        10.000000000000000        3.0122796827928400        10.000000000000000        10.000000000000000        0.0000000000000000     
 Shear is   40.000000000000000     
 actparams is   0.0000000000000000        0   0.0000000000000000        0.0000000000000000        0.0000000000000000     
   1.9415057070431172        2.6488396887681405       -1.5546207729100394     
  -3.3395833095523733       -1.1046041912703390      -0.26929230254278702     
  -1.1363882403661161       -2.8738365962133918       0.25238750213142153     
  -2.9050822653583035        1.8989161991283936      -0.23119048542204823     
  -2.0700129250567123       -3.1854528188720090      -0.42640710589506320     
.0000000000000000        0.0000000000000000        0.0000000000000000        0.0000000000000000        0.0000000000000000     
 graderr and graderrsh and graderract are   0.0000000000000000        0.0000000000000000        0.0000000000000000     
 Time taken is   144.64263200000005     
 walker           1 done
 kldf and omega are   100000000000000.00        858005000000.00000       0.31340610000000002       0.15135170000000001        2.6683300000000000E-002   1.8103250000000001E-002
   6.7980334017547239     
   0.0000000000000000        0.0000000000000000        0.0000000000000000     
   1.6072322537644212       0.81572765378879630       0.45447032346734412     
   1.8659032267388009       0.16683218857098300       -1.0967581886253086     
  -1.1602326602253461       -1.4580149238185560       0.60535197005961816     
  0.40102451260735456       -2.4444810253121494        2.3726104358542819     
  0.98252874346228092        1.1075389804798066       -1.5935429916542612     
 D0uu is   0.0000000000000000        2.2523228621396099        10.000000000000000        2.5737495253829801        9.9730373228923792        9.9299008769385697        2.2523228621396099        0.0000000000000000        10.000000000000000        10.000000000000000        2.5684078266772001        10.000000000000000        10.000000000000000        10.000000000000000        0.0000000000000000        10.000000000000000        10.000000000000000        3.0122796827928400        2.5737495253829801        10.000000000000000        10.000000000000000        0.0000000000000000        2.1736567623415000        10.000000000000000        9.9730373228923792        2.5684078266772001        10.000000000000000        2.1736567623415000        0.0000000000000000        10.000000000000000        9.9299008769385697        10.000000000000000        3.0122796827928400        10.000000000000000        10.000000000000000        0.0000000000000000     
 Shear is   45.000000000000000     
 actparams is   0.0000000000000000        0.0000000000000000        0.0000000000000000        0.0000000000000000        0.0000000000000000        0.0000000000000000     
 graderr and graderrsh and graderract are   0.0000000000000000        0.0000000000000000        0.0000000000000000     
 Time taken is   146.06055700000002     
 walker           1 done
 kldf and omega are   100000000000000.00        980805000000.00000       0.25979924999999998       0.12626614999999999        2.5972450000000001E-002   1.6164399999999999E-002
   6.7980334017547239     
 D0uu is   0.0000000000000000        2.2523228621396099        10.000000000000000        2.5737495253829801        9.9730373228923792        9.9299008769385697        2.2523228621396099        0.0000000000000000        10.000000000000000        10.000000000000000        2.5684078266772001        10.000000000000000        10.000000000000000        10.000000000000000        0.0000000000000000        10.000000000000000        10.000000000000000        3.0122796827928400        2.5737495253829801        10.000000000000000        10.000000000000000        0.0000000000000000        2.1736567623415000        10.000000000000000        9.9730373228923792        2.5684078266772001        10.000000000000000        2.1736567623415000        0.0000000000000000        10.000000000000000        9.9299008769385697        10.000000000000000        3.0122796827928400        10.000000000000000        10.000000000000000        0.0000000000000000     
 Shear is   50.000000000000000     
 actparams is   0.0000000000000000        0   0.0000000000000000        0.0000000000000000        0.0000000000000000     
  -2.8553327549470868        2.3856094959287319       -1.2231071266738660     
  -1.0327591598869621      -0.81577293518185101       0.50774436331218742     
 -0.35274599961736458        1.7399015354646448       -2.1646322900131207     
  -1.6948789867672274       0.93649905222309415       0.72583583182398204     
   1.0546032640832452        2.0076777489909983       0.86147715197946628     
.0000000000000000        0.0000000000000000        0.0000000000000000        0.0000000000000000        0.0000000000000000     
 graderr and graderrsh and graderract are   0.0000000000000000        0.0000000000000000        0.0000000000000000     
 Time taken is   143.44509399999993     
 walker           1 done
   6.7980334017547239     
 kldf and omega are   100000000000000.00        917225000000.00000       0.19384245000000000        8.9700500000000002E-002   2.1171849999999999E-002   1.1999599999999999E-002
 D0uu is   0.0000000000000000        2.2523228621396099        10.000000000000000        2.5737495253829801        9.9730373228923792        9.9299008769385697        2.2523228621396099        0.0000000000000000        10.000000000000000        10.000000000000000        2.5684078266772001        10.000000000000000        10.000000000000000        10.000000000000000        0.0000000000000000        10.000000000000000        10.000000000000000        3.0122796827928400        2.5737495253829801        10.000000000000000        10.000000000000000        0.0000000000000000        2.1736567623415000        10.000000000000000        9.9730373228923792        2.5684078266772001        10.000000000000000        2.1736567623415000        0.0000000000000000        10.000000000000000        9.9299008769385697        10.000000000000000        3.0122796827928400        10.000000000000000        10.000000000000000        0.0000000000000000     
 Shear is   55.000000000000000     
 actparams is   0.0000000000000000        0   0.0000000000000000        0.0000000000000000        0.0000000000000000     
  -2.9528501424374212       -2.9624263083319029       -2.4689528099693665     
  0.20574258600203926       -9.9172857738578646E-002  -3.3767195338495215     
  -1.7330279568459785        1.2387228625698870       0.27244152093612967     
   2.7356171341826130        2.2163262962669710        1.9773599087600189     
   3.0425123482859409      -0.31354641905429886      -0.34029986866710904     
.0000000000000000        0.0000000000000000        0.0000000000000000        0.0000000000000000        0.0000000000000000     
 graderr and graderrsh and graderract are   0.0000000000000000        0.0000000000000000        0.0000000000000000     
 Time taken is   141.30103200000008     
 walker           1 done
   6.7980334017547239     
   0.0000000000000000        0.0000000000000000        0.0000000000000000     
   1.3427213654131833       -2.6208836732005847        1.5394574596251165     
 kldf and omega are   100000000000000.00        921200000000.00000       0.17065359999999999        7.1541450000000006E-002   1.9361250000000000E-002   1.0149250000000000E-002
  0.76828268816613343        2.8961361577832569       -2.0994601559670145     
  -2.0900488533266102        1.9235676599989244       -3.3783421559977360     
  -1.4786214198780241       -2.3658686789987677        2.0410002419012687     
 D0uu is   0.0000000000000000        2.2523228621396099        10.000000000000000        2.5737495253829801        9.9730373228923792        9.9299008769385697        2.2523228621396099        0.0000000000000000        10.000000000000000        10.000000000000000        2.5684078266772001        10.000000000000000        10.000000000000000        10.000000000000000        0.0000000000000000        10.000000000000000        10.000000000000000        3.0122796827928400        2.5737495253829801        10.000000000000000        10.000000000000000        0.0000000000000000        2.1736567623415000        10.000000000000000        9.9730373228923792        2.5684078266772001        10.000000000000000        2.1736567623415000        0.0000000000000000        10.000000000000000        9.9299008769385697        10.000000000000000        3.0122796827928400        10.000000000000000        10.000000000000000        0.0000000000000000     
 Shear is   60.000000000000000     
 actparams is   0.0000000000000000        0  -8.8301666011519564E-002 -0.38009591561584616        1.4056205531775248     
.0000000000000000        0.0000000000000000        0.0000000000000000        0.0000000000000000        0.0000000000000000     
 graderr and graderrsh and graderract are   0.0000000000000000        0.0000000000000000        0.0000000000000000     
 Time taken is   140.50881200000003     
 walker           1 done
   6.7980334017547239     
   0.0000000000000000        0.0000000000000000        0.0000000000000000     
  -2.6204756597019538      -0.91760004749907753      -0.18778026899405603     
   1.8576669810735635       -2.4253863573466670       -6.5530255547598740E-002
   2.6864801763869854       -1.7953650044284331        1.8825765683717777     
  -2.3791639646554268        1.7855022585398965        2.7439293119989530     
  -2.3853257805827992        2.2690920391636471      -0.65098620330755930     
 kldf and omega are   100000000000000.00        648290000000.00000       0.11986205000000000        5.0789050000000002E-002   1.4268500000000000E-002   7.7856000000000002E-003
 D0uu is   0.0000000000000000        2.2523228621396099        10.000000000000000        2.5737495253829801        9.9730373228923792        9.9299008769385697        2.2523228621396099        0.0000000000000000        10.000000000000000        10.000000000000000        2.5684078266772001        10.000000000000000        10.000000000000000        10.000000000000000        0.0000000000000000        10.000000000000000        10.000000000000000        3.0122796827928400        2.5737495253829801        10.000000000000000        10.000000000000000        0.0000000000000000        2.1736567623415000        10.000000000000000        9.9730373228923792        2.5684078266772001        10.000000000000000        2.1736567623415000        0.0000000000000000        10.000000000000000        9.9299008769385697        10.000000000000000        3.0122796827928400        10.000000000000000        10.000000000000000        0.0000000000000000     
 Shear is   65.000000000000000     
 actparams is   0.0000000000000000        0.0000000000000000        0.0000000000000000        0.0000000000000000        0.0000000000000000        0.0000000000000000     
 graderr and graderrsh and graderract are   0.0000000000000000        0.0000000000000000        0.0000000000000000     
 Time taken is   144.28754899999990     
 walker           1 done
 kldf and omega are   100000000000000.00        530840000000.00000        9.2454999999999996E-002   3.7253450000000000E-002   1.1091149999999999E-002   5.7827499999999997E-003
 D0uu is   0.0000000000000000        2.2523228621396099        10.000000000000000        2.5737495253829801        9.9730373228923792        9.9299008769385697        2.2523228621396099        0.0000000000000000        10.000000000000000        10.000000000000000        2.5684078266772001        10.000000000000000        10.000000000000000        10.000000000000000        0.0000000000000000        10.000000000000000        10.000000000000000        3.0122796827928400        2.5737495253829801        10.000000000000000        10.000000000000000        0.0000000000000000        2.1736567623415000        10.000000000000000        9.9730373228923792        2.5684078266772001        10.000000000000000        2.1736567623415000        0.0000000000000000        10.000000000000000        9.9299008769385697        10.000000000000000        3.0122796827928400        10.000000000000000        10.000000000000000        0.0000000000000000     
 Shear is   70.000000000000000     
 actparams is   0.0000000000000000        0.0000000000000000        0.0000000000000000        0.0000000000000000        0.0000000000000000        0.0000000000000000     
 graderr and graderrsh and graderract are   0.0000000000000000        0.0000000000000000        0.0000000000000000     
 Time taken is   120.57802400000014     
